7 2
5 36
82 8
49 4
21 28
17 29
4 12
9 25
5 38
7 23
1 20
153 4
14 30
46 8
12 32
7 35
1 31
4 7
0 0
80 263
16211 6
119 98
14747 6
35 261
343 212
24 418
4364 18
5 2
249 10
52 201
4047 22
1726 46
224 239
6835 8
577 26
1728 4
13968 6
1598 56
1166 24
39 367
37 26
4 2
229 2
16 20
4 28
6 16
5 2
110 6
47 8
1 38
13 24
17 6
34 19
1 3
17 176
181 193
45910 2
524 42
127 14
273 84
592 106
4459 14
5437 14
0 6
12 400
248 128
200 224
97 125
17 125
22 80
37 325
12 375
67 240
27 320
57 125
152 320
107 160
232 160
184 256
137 125
37 400
52 375
62 275
112 175
0 0
12 6
2 10
2 10
2 10
2 10
16 4
16 4
16 4
16 4
16 4
16 4
2 10
16 4
16 4
16 4
16 4
2 10
16 4
2 10
16 4
2 10
16 4
2 10
16 4
2 10
16 4
2 10
16 4
2 10
2 10
2 10
2 10
2 10
16 4
16 4
16 4
16 4
16 4
16 4
2 10
16 4
16 4
16 4
2 10
16 4
2 10
2 10
2 10
2 10
16 4
2 10
16 4
2 10
16 4
16 4
16 4
16 4
16 4
2 10
2 10
2 10
16 4
16 4
16 4
2 10
16 4
16 4
2 10
2 10
16 4
16 4
2 10
16 4
2 10
16 4
16 4
16 4
2 10
2 10
2 10
16 4
16 4
2 10
2 10
2 10
2 10
2 10
2 10
2 10
16 4
2 10
2 10
2 10
2 10
4 2
41 226
5 353
139 268
28445 2
99 271
14 114
319 224
34448 2
17248 2
637 94
45974 2
2 3
30 208
5 268
2484 30
1236 64
186 260
1655 50
65 131
168 124
268 211
66 251
93 165
1021 20
2 3
1133 84
524 42
42598 2
337 152
896 38
48227 2
1327 16
94 251
167 200
154 292
201 166
223 137
0 4
39 70
442 56
5128 10
3349 2
40597 2
2599 34
4797 18
2388 36
1025 2
1541 36
0 5
5 2
1 4
0 5
4 2
2 3
1 4
1 5
0 4
2 3
7 2
5 2
1 4
1 5
2 3
8 2
0 5
5 2
7 2
2 4
5 2
2 3
5 2
2 3
8 2
0 5
2 3
0 0
8 2
4 2
4 2
8 2
5 2
141 288
9 143
1123 22
68 47
5292 12
120 139
469 128
82 346
480 6
328 44
715 122
1760 18
1 366
1 3
232 202
54 260
38 173
21 418
643 94
686 128
26 157
1581 4
77 289
17 125
27503 2
144 192
85 120
7642 4
5446 10
36443 2
46 344
22 338
397 16
655 128
2063 26
22836 4
43 346
363 112
856 46
8 282
17 366
622 74
1438 20
187 137
797 2
23887 4
846 108
1342 46
2777 14
595 137
47 159
4889 12
1941 24
37175 2
5909 12
22 43
150 160
64 361
24409 2
203 270
2574 30
14 205
127 274
61 8
20 160
136 131
7650 12
45493 2
44897 2
56 204
24748 2
31588 2
233 266
15800 6
23 149
136 86
326 20
1180 10
13038 6
1412 32
82 130
2462 6
2227 2
16512 4
1372 4
147 268
166 238
652 62
102 311
163 82
25060 2
28960 2
61 282
50 168
172 251
6388 14
10898 6
15 350
4392 22
28 305
7679 2
48 309
3468 10
14599 2
4103 14
384 112
7436 6
37 323
132 283
380 92
69 88
12085 8
870 60
46 206
23 375
117 247
1557 4
67 295
43 32
22 56
3 397
262 191
976 76
197 185
121 50
25948 2
210 151
2954 30
2904 12
237 132
33 266
29 289
1393 2
97 350
7980 12
47 347
5082 12
53 236
12 274
1596 24
12 426
207 214
4 317
25045 2
76 373
1952 24
360 66
167 96
428 24
25 273
2346 10
312 22
23 137
30 16
4333 14
349 53
2008 34
107 32
4505 2
8 79
5024 12
34825 2
35213 2
189 252
103 313
940 68
91 256
9 282
39 179
506 26
884 104
43 157
40403 2
32708 2
85 337
111 339
70 103
72 96
342 84
663 34
171 204
27905 2
1066 28
6046 14
546 120
27 97
55 56
249 132
17 134
335 80
221 194
70 355
1599 10
5366 6
26 342
3028 32
518 164
36 249
3505 16
82 205
63 270
463 104
100 252
5070 10
23 173
209 150
6231 10
23972 2
292 148
822 108
1115 62
13192 2
16704 4
12 176
19 131
187 196
4173 6
44 213
24 418
156 204
253 217
2033 29
6792 6
289 233
59 80
1223 20
1392 6
1608 4
4045 20
4606 14
2154 28
1579 32
252 112
1774 10
486 36
11652 6
354 174
6704 12
451 38
223 157
663 126
30 77
49 378
37357 2
29 187
13 39
58 196
744 82
24899 2
1847 24
1063 16
25 214
2008 2
8 377
76 151
304 82
40 139
85 179
6386 8
114 82
5319 18
1970 6
139 244
119 209
7661 6
40982 2
172 79
11402 2
336 184
74 199
378 184
1241 68
86 260
9586 8
564 100
350 180
42 394
2692 34
25 322
287 126
14 257
235 257
158 254
119 239
82 336
81 363
42724 2
87 367
4309 10
9141 4
117 78
346 134
199 212
96 344
53 32
501 21
3706 20
94 122
62 204
70 309
137 261
172 148
6 329
13117 2
25 139
194 131
11 198
33 94
63 235
40964 2
299 140
95 314
1425 52
85 212
26377 2
82 316
2999 12
10 320
546 124
2636 36
234 30
2005 2
819 60
36124 2
804 112
29 298
347 188
117 316
44 338
82 187
18231 4
14613 4
11562 6
283 89
1541 54
16488 6
1393 56
3287 2
2854 8
5532 4
13 86
338 206
4441 4
3005 32
7884 4
21718 4
7263 10
3486 24
685 58
119 259
1565 50
125 257
500 122
35 214
2337 16
4051 20
3 6
1405 26
1461 46
1362 52
208 256
20609 2
4696 10
2230 32
336 199
77 186
2711 26
116 266
169 202
185 48
295 16
201 198
121 8
141 114
106 289
230 158
5 222
510 82
376 79
207 214
430 22
309 82
418 104
4287 22
14 330
1363 62
37897 2
29635 2
4957 8
44 306
1310 36
2578 10
160 10
47419 2
256 50
170 26
4285 10
207 6
4851 18
140 323
2827 4
70 365
80 311
217 106
85 179
141 193
38785 2
261 166
1248 6
2 142
1116 36
87 186
698 54
312 214
39 201
44 133
486 163
94 128
67 363
620 50
20178 4
744 70
1940 38
49363 2
84 241
8848 10
1748 2
1440 6
44897 2
1127 78
4 107
276 4
517 166
6627 12
34 212
163 185
20942 2
40 181
1134 4
51 267
17072 2
61 246
1704 48
1 422
307 137
8 226
10393 2
4404 10
11934 4
13762 2
405 186
22408 2
295 206
33589 2
3103 14
71 246
37 344
31697 2
65 277
51 304
2194 32
72 289
3956 20
145 257
14664 4
287 78
277 58
24 161
24587 2
43 238
31 334
3 443
22 14
67 301
2849 2
2151 24
1174 8
21419 2
537 156
39 346
270 192
1680 52
1138 16
582 84
36134 2
1001 60
25 10
1569 28
4211 6
78 312
574 38
503 164
4480 8
468 4
4590 18
183 52
1019 42
45 144
87 164
408 22
26 308
310 32
23 112
259 164
170 292
229 109
89 65
18 45
672 102
138 106
3758 20
153 181
8 217
1480 62
6485 2
1781 54
17986 4
14813 2
135 232
841 16
166 16
304 200
243 90
56 280
61 388
3134 8
17 346
63 236
7001 6
13 129
4332 12
753 120
10253 2
38657 2
148 254
7317 4
4135 2
23562 4
15560 2
276 214
7277 2
258 24
2653 16
1316 30
2065 8
10 323
1 327
2429 2
2 53
3073 4
3475 10
262 16
189 282
386 134
1728 34
35 101
1505 56
20804 2
621 78
116 203
1052 48
1789 2
75 274
465 162
536 158
1 236
61 137
2759 2
266 74
353 152
274 14
8891 6
3376 26
670 88
1607 6
1168 4
2043 9
31807 2
2584 10
46 227
4603 20
10113 6
347 102
910 2
261 118
201 289
112 71
932 42
7240 8
4423 14
159 281
74 83
958 82
22 270
437 32
281 206
17679 4
16159 2
1 45
10 128
393 34
105 40
31450 2
1040 2
0 368
200 230
11557 2
18 57
13131 4
170 186
189 148
51 302
9 219
295 233
372 142
38 321
100 86
29 355
53 50
35147 2
97 239
76 46
114 339
60 262
284 134
13 134
25 278
325 92
766 74
224 155
782 54
7336 10
87 292
22 193
6285 12
376 86
1481 8
24651 4
18 314
833 74
275 176
645 16
49 182
59 369
3224 2
59 56
1911 28
58 144
400 191
50 338
980 87
460 92
391 166
10 49
67 108
2336 18
204 54
7352 8
149 269
68 317
36 76
891 40
2190 28
132 274
373 166
18610 2
44 189
307 212
2162 24
2122 38
1110 60
1147 14
337 208
307 32
510 12
81 108
25 151
38230 2
79 191
2494 4
699 90
61 224
106 290
99 219
3375 12
74 347
720 6
129 265
357 109
694 128
449 114
11150 6
4189 8
4864 4
20380 2
2329 4
542 96
91 327
6668 2
1392 18
10790 6
1679 48
20693 2
703 97
55 86
2269 28
1963 2
146 116
172 160
4469 12
108 226
735 10
46283 2
5746 4
112 277
24748 2
4230 6
79 313
21 245
112 279
193 230
2305 40
50 227
5211 4
58 110
462 172
215 158
3551 24
1744 44
81 274
23 125
55 292
305 152
290 180
62 254
11073 6
573 54
4332 12
56 71
83 347
33 79
2819 20
34 130
367 38
1335 70
13740 6
40267 2
280 112
13 368
7907 2
3 123
88 269
1037 24
335 150
226 235
85 202
195 232
927 46
954 24
240 196
52 154
14 303
60 234
555 126
9392 2
270 232
45 306
383 116
120 241
5218 16
12 272
1 399
74 270
35 293
1320 70
47 280
162 199
22941 4
45092 2
6202 4
5983 4
7265 2
59 17
263 146
46228 2
109 310
160 286
366 178
78 222
4388 6
68 247
61 296
970 76
1132 76
1996 28
556 151
76 366
8344 4
122 253
1088 62
43 146
33 168
106 226
564 118
44707 2
21 328
2643 16
4150 10
8766 6
513 60
10336 8
54 380
54 306
1096 74
10507 4
3099 18
90 325
22594 2
84 253
10159 4
2738 26
10 31
1327 2
1320 48
25 88
772 92
61 334
151 89
13 119
4910 8
24 393
240 90
37702 2
2016 18
41 406
186 219
3411 4
495 78
1126 20
164 235
437 173
25 82
689 102
13534 4
2840 2
8783 2
1460 18
2128 2
226 194
117 299
49 304
8438 6
2085 46
1307 48
171 73
774 4
2169 18
6 119
18449 2
1241 38
846 54
11875 2
8989 10
357 96
9566 8
11147 8
29 62
45107 2
7723 4
85 160
438 114
9 266
6031 8
281 138
46024 2
17577 4
261 186
100 182
2825 32
103 214
337 82
208 176
853 14
14012 2
157 142
12 283
623 72
10997 8
224 167
1170 70
16 252
1865 8
426 54
606 66
2984 18
127 8
295 92
9602 6
5061 18
109 302
1 29
56 306
12 170
32548 2
224 50
12487 2
287 144
11 424
5434 14
224 144
633 60
182 36
499 22
1981 26
6445 8
101 211
24 131
1198 80
19 233
84 281
2055 48
47 365
1019 74
3 217
199 104
95 230
1044 24
1453 50
40 175
29 229
10 314
3807 6
24268 4
404 174
353 12
1190 8
32 116
28039 2
301 14
20 60
217 61
944 62
5122 2
42 191
21 219
30920 2
136 301
199 148
76 324
631 28
57 46
176 254
17 175
80 370
538 32
62 292
23323 2
50 298
2894 12
37 336
550 148
22 67
4130 2
331 206
44635 2
30 131
1536 10
1337 12
194 224
1402 14
859 22
1721 48
5 434
2 300
4412 6
12625 2
291 73
1 159
32864 2
607 2
4725 10
15 399
356 206
41014 2
19 14
251 96
1637 26
1098 42
14697 6
25 409
936 34
3347 24
296 236
1179 34
36 381
859 4
9 317
949 2
36 234
147 166
70 214
3926 14
14 263
295 100
119 101
32444 2
13 377
20555 2
47059 2
170 211
3016 14
803 50
53 248
317 138
334 64
133 193
588 126
98 320
60 78
2690 26
2241 34
63 227
201 217
22738 4
1144 82
280 151
15731 6
16702 4
314 144
581 50
23 80
1585 58
30 36
213 193
11133 4
0 194
196 151
2064 10
60 335
382 83
1737 54
767 24
1468 62
142 172
755 90
1018 16
1 8
5 370
4495 22
40 183
58 233
752 114
20169 4
1001 8
8319 10
270 208
4876 16
425 182
305 122
81 191
49 240
248 192
3121 14
823 50
664 38
33 69
134 282
78 296
6953 6
2693 20
762 24
18509 2
1455 60
54 107
23166 4
119 292
1034 42
1508 6
2390 20
1171 50
2068 16
5 96
756 66
986 14
14764 2
280 106
1015 8
37 92
11424 4
6604 8
4124 14
26 390
126 168
63 22
22579 2
89 272
3777 6
97 199
106 211
4594 14
15542 6
13275 6
54 22
8 436
22804 4
2614 4
201 238
1469 24
1948 10
253 128
254 251
3445 20
890 50
152 236
13833 6
152 302
7769 2
70 71
16553 6
90 271
15096 4
28588 2
106 220
6053 2
37583 2
312 28
450 168
1007 14
3013 16
287 102
39310 2
1795 32
248 102
821 110
89 259
18 191
484 14
1434 34
36839 2
21382 2
33 84
442 163
1480 8
8554 8
16398 4
2809 4
22 325
641 116
47 152
109 295
43 302
5297 18
38 278
67 64
1 122
316 110
45 211
2415 40
20 312
10021 8
24148 2
166 191
1578 24
1028 74
23227 2
456 24
760 22
73 307
947 78
218 30
14402 2
52 359
23 111
10168 4
8509 8
54 335
3237 16
1756 16
119 278
14505 6
25 68
144 142
41282 2
49 281
140 215
354 18
203 276
2109 40
711 28
3639 18
65 302
436 136
189 70
60 148
2889 22
114 298
37 273
9708 10
10757 6
32 191
2068 2
15558 6
2 217
1616 18
1 316
681 124
449 8
200 78
26 246
7647 12
249 22
288 156
16 196
2323 2
349 70
139 274
149 62
10583 2
81 277
23927 2
20 62
209 150
2 179
56 146
1381 56
1580 60
6889 2
34 198
1021 88
92 314
256 191
0 442
447 166
1275 6
70 173
34 245
1005 16
340 118
12246 6
28 345
12 267
225 232
6627 4
2414 32
2 19
962 54
104 239
4625 6
2374 38
99 168
1373 54
400 190
22461 4
7668 12
3671 8
6873 10
34 72
1333 32
85 89
3788 26
18938 2
47575 2
1764 54
4320 6
82 130
3348 12
417 162
15 251
934 4
13561 4
468 10
68 282
2384 14
1971 24
9211 4
1231 40
9 37
33 393
254 215
55 377
873 42
79 257
0 70
6853 4
157 228
980 32
2 156
33487 2
874 82
23 262
6576 10
258 46
206 131
9859 8
1934 20
70 268
1027 34
137 164
814 8
309 108
6439 14
86 164
4 439
122 186
18807 4
10 255
304 218
339 178
749 54
8492 8
30 382
133 287
199 88
77 347
1446 16
0 446
111 113
636 54
602 102
25 121
118 328
24410 2
48 173
725 38
0 235
4 392
47 401
52 307
7295 2
72 151
1339 14
58 56
14 302
117 102
687 84
179 108
302 176
368 120
1267 14
109 73
87 128
3131 6
809 8
15 323
2950 2
56 194
899 78
27 261
958 82
843 46
557 86
18652 4
352 14
106 334
100 120
62 201
568 112
767 24
1540 8
56 14
33 255
66 249
2756 8
38 89
166 230
264 222
8156 6
163 192
17389 2
4610 18
944 62
218 216
32 38
8369 8
1205 36
106 58
454 28
185 77
64 303
1424 8
12 371
844 20
7164 12
216 235
940 26
3606 6
216 103
203 277
5041 8
3511 16
2991 4
1599 60
34 60
17027 2
58 157
59 357
43 220
329 170
896 38
21223 4
5356 10
5809 2
35887 2
394 122
513 160
92 108
40 361
57 82
265 146
1519 40
341 53
1951 20
47509 2
30 181
141 94
889 22
317 116
1208 50
1449 10
2 21
27 236
684 60
1434 10
1456 26
86 354
49 223
953 24
87 161
3783 6
607 112
64 182
38165 2
81 341
1 11
1593 30
1735 46
42 215
67 238
71 54
77 372
40 76
151 173
2060 18
19 29
72 290
415 146
1478 14
6 208
3294 10
8612 6
50 171
147 248
48 107
67 268
10 199
33 64
888 96
897 66
23794 2
3153 4
41 229
185 246
175 28
31 246
15383 6
413 144
3146 6
254 83
1185 12
66 226
181 98
1205 30
1205 66
2288 26
2 326
10191 6
2961 16
2181 34
14 396
20124 4
21395 2
3956 6
139 245
4469 12
3523 22
2028 42
10 375
61 353
681 88
14 195
27 136
33 414
5420 18
66 205
9391 4
2631 34
2 93
203 229
28 222
245 116
14869 2
1643 42
35909 2
1057 26
130 200
14 213
668 122
145 311
132 94
347 200
72 359
12666 6
1842 16
3027 18
57 193
5 116
144 223
10160 2
962 8
3485 6
1905 22
10358 2
66 213
768 70
282 154
61 369
19 335
2920 26
189 253
57 379
226 46
30 112
1746 36
1312 62
78 259
664 38
1508 6
684 60
9790 2
21145 2
210 166
50 100
128 102
4887 16
3673 22
16093 4
24 44
9534 4
2808 30
1626 6
349 173
133 134
217 158
142 136
25 383
65 138
33 236
6 346
2947 32
1114 14
180 199
34 83
1023 40
17795 2
31 393
2055 46
844 70
108 96
293 149
48748 2
219 184
23 64
12 111
5740 16
7009 14
3150 28
193 194
0 23
21550 2
6840 6
151 56
132 163
1041 78
103 293
127 292
805 98
45904 2
128 90
172 176
21658 4
7941 6
8 181
15488 6
2465 36
1819 38
153 317
4 48
1417 22
347 38
36274 2
1172 38
483 156
1437 52
141 213
55 386
9287 8
247 173
367 122
50 379
54 139
54 95
7 179
231 205
307 224
494 158
1404 34
64 374
197 254
45 315
409 88
1755 48
2 234
75 317
476 143
20 240
63 240
38632 2
1336 26
0 388
236 30
68 161
511 68
161 60
4108 4
44957 2
30 95
5 114
57 305
1334 44
271 248
15 388
667 118
78 114
33052 2
6853 14
80 146
7217 2
45052 2
62 54
715 122
74 239
37 389
38 178
10270 2
32 381
76 268
231 196
10368 6
23 104
526 98
102 325
60 199
8 424
48 396
24139 2
356 215
2510 2
756 70
264 180
149 280
45 331
671 86
38 329
14211 6
174 118
1634 38
46 86
9720 6
3840 18
1595 18
1363 50
100 103
403 80
46058 2
987 36
1697 12
2691 24
194 74
167 308
8 373
36763 2
170 276
5229 4
472 152
16515 6
1922 44
645 118
2065 2
14326 4
7907 8
47 368
6786 4
223 140
3406 20
441 61
51 364
7788 4
620 80
136 188
2096 8
220 240
3187 4
2311 14
2389 14
24 183
65 352
62 272
43054 2
21 172
6931 10
1267 58
5 124
1588 44
28 132
3515 26
17 357
275 246
103 336
1860 48
5529 10
5446 10
127 320
179 300
9555 10
433 122
33 204
211 277
95 62
15 386
7075 8
6159 4
39275 2
724 110
97 298
24 133
164 38
364 167
1392 58
29 111
7769 12
65 263
493 149
8 50
63 223
9705 10
32 111
34 104
147 64
494 2
183 72
818 96
241 170
25 102
5852 14
29 339
34 378
331 28
13457 6
4337 2
93 54
2 271
968 50
246 234
12 203
37 246
24 417
6 239
1185 12
3607 22
27949 2
783 30
29 281
5062 8
6 220
21696 4
72 264
67 207
14 142
823 94
1123 46
193 112
185 220
2454 10
114 228
49 310
140 311
572 86
208 263
249 241
30803 2
23979 4
397 62
1877 6
80 368
27 289
34 286
266 38
28 411
333 190
31 395
66 263
13 91
45 288
31 106
423 100
463 82
14 384
24772 4
2665 20
1589 38
6475 8
160 310
48 247
44 349
3557 14
16 195
212 251
5 70
66 100
1343 54
139 286
97 142
313 50
110 60
955 22
41 368
836 68
64 197
3031 26
94 256
19457 2
247 148
41 314
46745 2
271 197
121 137
174 142
5705 12
102 144
387 12
5747 8
38480 2
47 38
749 110
3 370
75 303
3 143
347 132
242 242
10 268
20 280
44 329
162 227
51 304
21 372
20976 4
1385 32
460 103
45 213
139 177
103 70
35645 2
33 65
77 350
203 210
15585 6
40 134
453 34
104 263
2316 24
659 54
1343 6
689 68
27973 2
94 92
479 38
4118 6
51 236
11230 8
437 62
23 374
2039 17
993 94
574 68
71 374
106 334
63 232
250 172
144 232
1088 66
15 156
1943 44
30 322
49 151
37427 2
196 106
398 30
932 6
7345 8
5312 14
164 263
23964 4
1944 42
255 90
1836 28
1474 8
7661 6
23221 4
25913 2
17930 2
528 40
40 210
17667 4
9022 4
8823 10
547 136
57 244
167 129
127 236
9 83
2 199
35 347
9066 10
3714 22
45697 2
439 158
36 189
1432 14
61 46
20886 4
1826 6
20431 4
205 278
56 95
0 132
25 333
172 98
16 361
441 114
0 383
491 14
361 205
194 20
1934 48
25 284
23091 4
322 218
45682 2
19325 2
6496 8
76 96
9 334
324 108
40 43
485 78
116 163
3 40
41009 2
206 218
5292 4
62 305
9 390
5 71
121 291
7463 12
310 80
184 158
504 22
1934 8
4464 22
189 264
5619 4
46789 2
191 26
3279 10
361 100
17 151
171 169
245 152
540 90
47632 2
63 291
13997 2
3609 10
3314 24
42628 2
223 245
48562 2
340 160
564 88
56 143
90 236
4960 10
1025 36
6723 4
794 48
390 172
17131 4
2097 24
59 386
6694 10
1713 30
6047 6
851 86
7142 8
21 351
150 152
21889 4
47 197
173 270
20 264
1824 22
193 161
58 357
62 373
85 211
491 126
6464 12
1547 24
535 92
11884 4
675 78
24 53
51 121
21 411
59 191
16 309
185 281
24532 4
1732 2
1454 60
731 104
1685 42
3167 8
586 116
5645 8
769 14
501 18
90 181
1222 32
164 47
129 274
12041 8
899 74
54 334
58 368
4799 2
28 269
6930 12
1947 24
9729 10
373 110
300 58
233 62
760 76
14378 2
50 257
3 161
836 24
30245 2
2772 12
4715 2
25 317
16 85
25577 2
521 60
2500 20
5591 14
10567 4
964 98
13 249
244 158
422 146
230 108
62 149
157 230
38 165
74 239
39 178
798 4
495 162
77 138
280 143
6250 2
1079 48
49 107
49 242
1619 60
20447 2
35 361
18951 4
6180 12
1879 2
112 172
243 257
27457 2
33614 2
320 156
3324 10
155 120
69 288
1385 48
1841 50
1118 44
244 262
15043 2
795 16
2885 12
103 301
47 224
2096 18
34922 2
122 277
36 66
465 178
773 32
58 201
306 148
4053 10
764 90
991 34
579 54
6339 10
543 66
411 168
11 377
16 121
12616 4
286 110
21304 2
65 370
1921 8
176 114
481 154
439 130
20674 2
1335 12
183 289
227 224
124 58
28 279
328 82
3568 22
99 185
3483 10
23448 4
7708 10
1153 70
33232 2
141 94
42 295
8552 2
33409 2
8959 4
6890 8
111 224
21 130
5043 16
8443 2
463 124
1797 22
2391 4
8 393
90 285
1 153
407 132
12052 2
22190 2
487 106
10 10
5 321
19 184
5072 6
26 228
765 70
40843 2
21092 2
363 82
40 322
237 34
225 205
36 239
79 161
194 131
48 337
2091 46
19 17
5 33
15 380
711 24
762 82
72 199
223 146
2402 26
31 16
10 322
1573 16
56 173
850 110
16488 6
69 226
138 215
381 48
91 338
29 29
263 206
21 394
288 124
28 197
11217 6
4883 14
184 283
118 34
17 129
44 251
6713 14
39 184
4309 10
3938 24
9317 2
33 360
62 335
133 218
10073 2
1800 22
4357 16
220 226
274 179
905 12
1474 50
1311 48
122 223
2781 10
544 160
706 76
92 223
8 420
44 251
525 10
687 24
1662 6
36884 2
22 204
80 181
2 35
1233 54
12517 2
126 130
277 86
515 66
5437 8
32 67
43 125
1589 8
28 195
1882 28
8254 10
248 263
1720 20
265 242
4137 22
49 131
15514 4
7 259
928 16
57 144
20241 4
1122 6
283 202
121 20
4 278
845 98
209 234
3254 20
214 74
52 383
27 289
27 320
2471 14
23403 4
40 400
81 361
1452 66
418 22
153 42
3891 10
299 198
44960 2
3445 16
257 48
147 323
1647 28
414 64
4412 14
84 367
3736 16
6046 16
130 326
504 144
1843 40
2874 34
32 184
39275 2
6497 14
2273 2
280 242
21126 4
687 96
28 356
788 24
2908 22
55 322
3009 10
48 351
7953 12
6242 6
2194 8
2309 32
5464 8
8914 10
183 22
56 244
91 191
90 236
5442 4
168 191
12733 2
1935 18
4605 10
843 10
54 94
4333 14
58 256
44045 2
25913 2
6859 10
802 2
13171 4
1623 24
830 86
22062 4
267 66
2024 30
1527 12
49 397
14172 4
38 298
50 209
376 110
16 163
10793 2
6804 10
117 247
431 146
157 146
947 98
20215 2
3275 18
31 226
3922 22
2238 30
